0 1
0 2
0 3
0 4
0 5
0 6
0 7
0 8
0 9
0 10
1 0
1 2
1 3
2 1
2 0
3 2
3 1
3 0
3 4
3 5
4 3
4 2
4 1
4 0
4 5
4 6
5 4
5 3
5 2
5 1
5 0
6 5
6 4
6 3
7 6
7 5
7 4
7 3
8 7
8 6
8 5
8 4
8 3
8 2
8 1
8 0
9 8
9 7
9 6
10 9
10 8
10 7
10 6
11 10
11 9
11 8
12 11
12 10
12 9
13 12
13 11
13 10
13 9
14 13
14 12
14 11
15 14
15 13
15 12
16 15
16 14
16 13
16 12
16 11
17 16
17 15
17 14
17 13
17 12
18 17
18 16
18 15
18 14
18 13
19 18
19 17
19 16
19 15
19 14
19 13
19 12
20 19
20 18
21 20
21 19
21 18
21 17
21 16
21 15
21 14
22 21
22 20
22 19
23 22
23 21
23 20
23 19
24 23
24 22
24 21
25 24
25 23
25 22
26 25
26 24
26 23
26 22
27 26
27 25
27 24
28 27
28 26
28 25
28 24
29 28
29 27
29 26
30 29
30 28
31 30
31 29
31 28
31 27
31 26
31 25
31 24
32 31
32 30
32 29
32 28
32 27
33 32
33 31
33 30
33 29
33 28
34 33
34 32
34 31
34 30
34 29
34 28
35 34
35 33
35 32
35 31
36 35
36 34
36 33
36 32
36 31
36 30
36 29
36 28
37 36
37 35
37 34
37 33
37 32
37 31
38 37
38 36
38 35
39 38
39 37
39 36
39 35
39 34
40 39
40 38
40 37
40 36
40 35
41 40
41 39
41 38
41 37
41 36
41 35
42 41
42 40
42 39
42 38
42 37
43 42
44 43
44 42
44 41
44 40
45 44
45 43
45 42
45 41
46 45
46 44
46 43
46 42
47 46
47 45
47 44
47 43
48 47
48 46
48 45
48 44
48 43
48 42
49 48
49 47
50 49
50 48
50 47
50 46
51 50
51 49
51 48
52 51
52 50
52 49
53 52
53 51
53 50
53 49
54 53
54 52
54 51
54 50
54 49
54 48
54 47
55 54
55 53
55 52
55 51
55 50
56 55
56 54
56 53
56 52
56 51
56 50
57 56
57 55
57 54
58 57
58 56
58 55
58 54
59 58
59 57
59 56
59 55
60 59
60 58
60 57
60 56
60 55
61 60
61 59
61 58
61 57
61 56
61 55
61 54
62 61
62 60
62 59
62 58
62 57
62 56
63 62
63 61
63 60
63 59
63 58
63 57
64 63
64 62
64 61
64 60
65 64
65 63
65 62
65 61
65 60
66 65
66 64
66 63
66 62
66 61
66 60
66 59
67 66
67 65
67 64
67 63
67 62
68 67
68 66
68 65
68 64
69 68
69 67
69 66
69 65
69 64
69 63
69 62
69 61
70 69
70 68
70 67
70 66
70 65
70 64
70 63
71 70
71 69
71 68
71 67
71 66
71 65
72 71
72 70
72 69
72 68
72 67
72 66
73 72
73 71
73 70
73 69
74 73
74 72
74 71
74 70
74 69
75 74
75 73
75 72
75 71
75 70
75 69
76 75
76 74
76 73
76 72
76 71
77 76
77 75
77 74
77 73
78 77
78 76
78 75
78 74
78 73
79 78
79 77
79 76
80 79
80 78
80 77
80 76
80 75
81 80
81 79
81 78
82 81
82 80
82 79
82 78
82 77
82 76
83 82
83 81
83 80
84 83
84 82
84 81
84 80
85 84
85 83
85 82
85 81
85 80
86 85
86 84
86 83
86 82
87 86
87 85
87 84
87 83
88 87
88 86
88 85
88 84
89 88
89 87
90 89
90 88
90 87
90 86
90 85
90 84
91 90
91 89
91 88
91 87
91 86
91 85
92 91
92 90
92 89
93 92
93 91
93 90
93 89
93 88
93 87
93 86
94 93
94 92
94 91
94 90
94 89
95 94
95 93
96 95
96 94
96 93
96 92
96 91
96 90
96 89
97 96
97 95
97 94
98 97
98 96
98 95
98 94
98 93
99 98
99 97
99 96
99 95
99 94
100 99
100 98
101 100
101 99
101 98
101 97
101 96
101 95
101 94
101 93
101 92
102 101
102 100
102 99
102 98
102 97
103 102
103 101
103 100
103 99
104 103
104 102
104 101
105 104
105 103
105 102
105 101
105 100
106 105
106 104
106 103
106 102
107 106
107 105
107 104
108 107
108 106
108 105
108 104
109 108
109 107
109 106
109 105
109 104
109 103
110 109
110 108
110 107
110 106
111 110
111 109
111 108
111 107
111 106
111 105
111 104
112 111
112 110
112 109
112 108
112 107
112 106
112 105
112 104
113 112
113 111
113 110
113 109
113 108
113 107
113 106
114 113
114 112
115 114
115 113
115 112
115 111
115 110
116 115
116 114
116 113
116 112
116 111
116 110
117 116
117 115
117 114
117 113
117 112
117 111
117 110
117 109
118 117
118 116
118 115
118 114
119 118
119 117
119 116
119 115
119 114
120 119
120 118
120 117
120 116
120 115
120 114
121 120
121 119
121 118
121 117
122 121
122 120
122 119
122 118
123 122
123 121
123 120
123 119
123 118
123 117
123 116
124 123
124 122
124 121
124 120
124 119
124 118
124 117
125 124
125 123
125 122
125 121
125 120
125 119
126 125
126 124
126 123
127 126
127 125
127 124
127 123
127 122
127 121
128 127
128 126
128 125
128 124
128 123
128 122
128 121
128 120
128 119
129 128
129 127
129 126
129 125
129 124
129 123
130 129
130 128
131 130
131 129
131 128
131 127
131 126
132 131
132 130
132 129
132 128
133 132
133 131
133 130
133 129
133 128
134 133
134 132
134 131
134 130
135 134
135 133
135 132
135 131
135 130
135 129
136 135
136 134
136 133
136 132
137 136
137 135
137 134
137 133
138 137
138 136
138 135
138 134
138 133
138 132
138 131
138 130
139 138
139 137
139 136
139 135
139 134
139 133
139 132
140 139
140 138
140 137
140 136
140 135
141 140
141 139
141 138
142 141
142 140
143 142
143 141
143 140
143 139
143 138
144 143
144 142
145 144
145 143
145 142
145 141
145 140
145 139
145 138
145 137
146 145
146 144
146 143
146 142
146 141
146 140
146 139
147 146
147 145
147 144
147 143
147 142
148 147
148 146
148 145
148 144
148 143
149 148
149 147
149 146
149 145
149 144
149 143
149 142
150 149
150 148
150 147
150 146
150 145
150 144
151 150
151 149
152 151
152 150
152 149
152 148
152 147
153 152
153 151
153 150
153 149
153 148
153 147
154 153
154 152
154 151
154 150
154 149
155 154
155 153
155 152
155 151
155 150
155 149
155 148
155 147
155 146
155 145
156 155
156 154
156 153
157 156
157 155
157 154
158 157
158 156
158 155
158 154
158 153
158 152
158 151
158 150
158 149
159 158
159 157
159 156
159 155
159 154
159 153
159 152
160 159
160 158
160 157
160 156
160 155
160 154
160 153
161 160
161 159
161 158
161 157
161 156
162 161
162 160
162 159
162 158
162 157
163 162
163 161
163 160
163 159
164 163
164 162
164 161
165 164
165 163
165 162
165 161
165 160
165 159
166 165
166 164
166 163
166 162
166 161
166 160
166 159
166 158
166 157
167 166
167 165
167 164
167 163
168 167
168 166
168 165
168 164
168 163
168 162
169 168
169 167
169 166
169 165
169 164
170 169
170 168
170 167
170 166
170 165
171 170
171 169
171 168
171 167
171 166
171 165
172 171
172 170
172 169
172 168
172 167
172 166
172 165
172 164
172 163
173 172
173 171
173 170
173 169
173 168
173 167
173 166
174 173
174 172
174 171
174 170
174 169
175 174
175 173
176 175
176 174
176 173
176 172
176 171
176 170
177 176
177 175
177 174
177 173
177 172
177 171
178 177
179 178
179 177
179 176
180 179
180 178
181 180
181 179
181 178
182 181
182 180
182 179
182 178
182 177
183 182
183 181
183 180
183 179
183 178
184 183
184 182
184 181
184 180
184 179
184 178
184 177
184 176
185 184
185 183
185 182
185 181
185 180
186 185
186 184
186 183
186 182
186 181
186 180
187 186
187 185
187 184
187 183
188 187
188 186
188 185
188 184
188 183
188 182
188 181
188 180
189 188
189 187
189 186
189 185
189 184
189 183
190 189
190 188
190 187
191 190
191 189
191 188
191 187
191 186
191 185
191 184
192 191
192 190
193 192
193 191
193 190
193 189
194 193
194 192
195 194
195 193
195 192
195 191
195 190
195 189
196 195
196 194
197 196
197 195
197 194
198 197
198 196
198 195
198 194
198 193
198 192
198 191
199 198
199 197
199 196
200 199
200 198
200 197
201 200
201 199
201 198
201 197
201 196
202 201
202 200
202 199
202 198
202 197
202 196
203 202
203 201
203 200
203 199
203 198
204 203
204 202
204 201
204 200
204 199
204 198
204 197
205 204
205 203
205 202
205 201
206 205
206 204
206 203
206 202
207 206
207 205
207 204
207 203
207 202
207 201
207 200
207 199
208 207
208 206
208 205
208 204
208 203
208 202
208 201
209 208
209 207
209 206
209 205
209 204
210 209
210 208
211 210
211 209
211 208
211 207
211 206
212 211
212 210
212 209
212 208
212 207
213 212
213 211
213 210
213 209
214 213
214 212
214 211
214 210
214 209
215 214
216 215
216 214
216 213
216 212
216 211
216 210
217 216
217 215
217 214
217 213
218 217
218 216
218 215
219 218
219 217
219 216
219 215
219 214
219 213
219 212
219 211
220 219
220 218
220 217
221 220
221 219
221 218
221 217
221 216
221 215
222 221
222 220
222 219
223 222
223 221
223 220
223 219
223 218
224 223
224 222
224 221
225 224
225 223
225 222
226 225
226 224
226 223
226 222
226 221
227 226
227 225
227 224
227 223
227 222
228 227
228 226
228 225
229 228
229 227
229 226
230 229
230 228
230 227
230 226
230 225
230 224
231 230
231 229
231 228
231 227
231 226
231 225
231 224
232 231
232 230
232 229
232 228
232 227
233 232
233 231
234 233
234 232
234 231
234 230
235 234
235 233
235 232
236 235
236 234
236 233
236 232
236 231
236 230
236 229
236 228
236 227
237 236
237 235
237 234
237 233
238 237
238 236
238 235
239 238
239 237
239 236
239 235
239 234
239 233
240 239
240 238
240 237
240 236
241 240
241 239
241 238
241 237
241 236
242 241
242 240
242 239
242 238
243 242
243 241
243 240
243 239
243 238
244 243
245 244
245 243
245 242
246 245
246 244
246 243
246 242
246 241
246 240
247 246
247 245
247 244
247 243
247 242
247 241
247 240
247 239
248 247
248 246
248 245
248 244
248 243
248 242
249 248
249 247
249 246
249 245
249 244
249 243
249 242
249 241
249 240
249 239
250 249
250 248
250 247
250 246
250 245
250 244
251 250
251 249
252 251
252 250
252 249
252 248
252 247
252 246
253 252
253 251
253 250
253 249
253 248
253 247
254 253
254 252
254 251
254 250
254 249
254 248
254 247
254 246
255 254
255 253
255 252
255 251
255 250
255 249
255 248
256 255
256 254
256 253
257 256
257 255
257 254
257 253
258 257
258 256
258 255
258 254
258 253
259 258
260 259
260 258
260 257
260 256
260 255
260 254
260 253
260 252
261 260
261 259
261 258
261 257
261 256
261 255
261 254
261 253
261 252
262 261
262 260
262 259
262 258
262 257
262 256
262 255
262 254
263 262
263 261
263 260
263 259
263 258
264 263
265 264
265 263
266 265
266 264
266 263
266 262
266 261
267 266
267 265
267 264
267 263
268 267
268 266
268 265
269 268
269 267
270 269
270 268
270 267
270 266
270 265
270 264
271 270
271 269
271 268
272 271
272 270
272 269
272 268
272 267
272 266
273 272
273 271
273 270
273 269
273 268
273 267
273 266
273 265
273 264
273 263
274 273
274 272
274 271
274 270
274 269
274 268
275 274
275 273
275 272
276 275
276 274
276 273
276 272
276 271
277 276
277 275
277 274
278 277
278 276
278 275
278 274
278 273
279 278
279 277
279 276
279 275
279 274
279 273
280 279
280 278
280 277
280 276
280 275
280 274
280 273
280 272
281 280
281 279
281 278
281 277
282 281
282 280
282 279
283 282
283 281
283 280
283 279
283 278
284 283
284 282
284 281
284 280
284 279
285 284
285 283
285 282
286 285
286 284
286 283
286 282
286 281
286 280
286 279
287 286
287 285
287 284
287 283
288 287
288 286
288 285
288 284
289 288
289 287
289 286
289 285
289 284
290 289
290 288
291 290
291 289
291 288
291 287
291 286
291 285
291 284
292 291
292 290
292 289
292 288
292 287
292 286
292 285
292 284
292 283
293 292
293 291
293 290
293 289
293 288
293 287
293 286
293 285
294 293
294 292
294 291
294 290
294 289
295 294
295 293
295 292
295 291
295 290
296 295
296 294
296 293
296 292
296 291
296 290
297 296
297 295
297 294
297 293
297 292
297 291
298 297
298 296
298 295
298 294
298 293
299 298
299 297
299 296
299 295
300 299
300 298
300 297
300 296
300 295
300 294
300 293
301 300
301 299
301 298
301 297
302 301
302 300
302 299
302 298
303 302
303 301
303 300
303 299
303 298
303 297
304 303
304 302
304 301
304 300
304 299
304 298
305 304
305 303
306 305
306 304
306 303
306 302
307 306
307 305
307 304
307 303
308 307
308 306
308 305
309 308
309 307
309 306
309 305
309 304
310 309
310 308
310 307
310 306
310 305
311 310
311 309
311 308
311 307
311 306
311 305
311 304
312 311
312 310
312 309
312 308
312 307
313 312
313 311
313 310
313 309
313 308
314 313
314 312
315 314
315 313
315 312
316 315
316 314
316 313
317 316
317 315
318 317
318 316
319 318
319 317
319 316
319 315
319 314
319 313
320 319
320 318
320 317
320 316
320 315
320 314
321 320
321 319
321 318
321 317
321 316
321 315
321 314
322 321
322 320
322 319
322 318
322 317
322 316
323 322
323 321
324 323
324 322
324 321
324 320
324 319
324 318
324 317
324 316
325 324
325 323
325 322
325 321
325 320
325 319
326 325
326 324
327 326
327 325
327 324
327 323
328 327
328 326
328 325
328 324
328 323
328 322
328 321
329 328
329 327
329 326
329 325
329 324
330 329
330 328
330 327
330 326
331 330
331 329
331 328
331 327
331 326
331 325
331 324
332 331
332 330
332 329
332 328
333 332
333 331
334 333
334 332
334 331
334 330
334 329
334 328
334 327
334 326
335 334
335 333
335 332
336 335
336 334
336 333
336 332
337 336
337 335
337 334
337 333
337 332
337 331
338 337
338 336
338 335
338 334
338 333
338 332
338 331
339 338
339 337
339 336
339 335
340 339
340 338
340 337
340 336
340 335
341 340
341 339
341 338
342 341
342 340
342 339
342 338
342 337
342 336
343 342
343 341
343 340
343 339
343 338
344 343
344 342
344 341
344 340
344 339
345 344
345 343
345 342
345 341
345 340
346 345
346 344
346 343
346 342
347 346
347 345
347 344
347 343
347 342
347 341
348 347
349 348
349 347
349 346
349 345
349 344
349 343
349 342
349 341
350 349
350 348
350 347
350 346
351 350
351 349
352 351
352 350
352 349
352 348
353 352
353 351
353 350
353 349
353 348
353 347
354 353
354 352
354 351
354 350
355 354
355 353
355 352
356 355
356 354
356 353
357 356
357 355
357 354
357 353
357 352
357 351
358 357
358 356
358 355
358 354
358 353
358 352
358 351
359 358
359 357
359 356
360 359
360 358
361 360
361 359
361 358
361 357
362 361
362 360
362 359
363 362
363 361
363 360
363 359
363 358
363 357
364 363
364 362
364 361
364 360
364 359
364 358
365 364
365 363
365 362
365 361
365 360
365 359
366 365
366 364
366 363
366 362
366 361
367 366
367 365
367 364
367 363
368 367
368 366
368 365
369 368
369 367
369 366
369 365
369 364
370 369
370 368
370 367
370 366
370 365
370 364
370 363
371 370
371 369
371 368
371 367
371 366
372 371
372 370
372 369
372 368
372 367
372 366
373 372
373 371
373 370
373 369
373 368
373 367
374 373
374 372
374 371
374 370
374 369
374 368
374 367
374 366
374 365
374 364
374 363
374 362
374 361
375 374
375 373
375 372
375 371
375 370
375 369
375 368
376 375
376 374
376 373
376 372
376 371
376 370
377 376
377 375
377 374
377 373
378 377
378 376
378 375
379 378
379 377
379 376
379 375
380 379
380 378
380 377
381 380
381 379
381 378
381 377
381 376
381 375
382 381
382 380
382 379
382 378
382 377
382 376
382 375
383 382
383 381
383 380
383 379
383 378
383 377
384 383
384 382
384 381
384 380
385 384
385 383
385 382
385 381
385 380
385 379
386 385
386 384
386 383
387 386
387 385
387 384
387 383
388 387
388 386
388 385
388 384
388 383
388 382
388 381
389 388
389 387
389 386
389 385
389 384
390 389
390 388
390 387
390 386
390 385
390 384
390 383
390 382
390 381
390 380
391 390
391 389
391 388
391 387
391 386
392 391
392 390
393 392
393 391
393 390
393 389
394 393
394 392
394 391
394 390
394 389
394 388
394 387
394 386
394 385
394 384
395 394
395 393
395 392
395 391
396 395
396 394
396 393
396 392
396 391
397 396
397 395
397 394
397 393
398 397
398 396
398 395
398 394
398 393
398 392
399 398
399 397
399 396
399 395
399 394
400 399
400 398
400 397
400 396
400 395
400 394
401 400
401 399
401 398
401 397
401 396
401 395
402 401
402 400
402 399
402 398
402 397
402 396
402 395
402 394
402 393
402 392
403 402
403 401
403 400
403 399
403 398
403 397
403 396
403 395
404 403
404 402
404 401
404 400
404 399
404 398
405 404
405 403
405 402
405 401
405 400
405 399
405 398
405 397
405 396
405 395
405 394
405 393
405 392
405 391
406 405
406 404
406 403
407 406
407 405
407 404
407 403
407 402
407 401
407 400
408 407
408 406
408 405
408 404
408 403
408 402
408 401
408 400
409 408
409 407
409 406
409 405
409 404
409 403
410 409
410 408
410 407
410 406
410 405
411 410
411 409
411 408
411 407
411 406
411 405
412 411
412 410
412 409
413 412
414 413
414 412
414 411
414 410
414 409
414 408
415 414
415 413
415 412
415 411
415 410
415 409
415 408
415 407
415 406
416 415
416 414
416 413
416 412
416 411
417 416
417 415
417 414
418 417
418 416
418 415
418 414
419 418
419 417
419 416
419 415
419 414
419 413
419 412
420 419
420 418
420 417
421 420
421 419
421 418
421 417
421 416
421 415
421 414
421 413
421 412
421 411
422 421
422 420
422 419
422 418
422 417
423 422
423 421
423 420
423 419
423 418
424 423
424 422
425 424
425 423
425 422
425 421
425 420
425 419
425 418
426 425
426 424
427 426
427 425
427 424
427 423
427 422
427 421
428 427
428 426
428 425
428 424
428 423
428 422
429 428
429 427
429 426
429 425
429 424
429 423
430 429
430 428
430 427
430 426
431 430
431 429
432 431
432 430
432 429
432 428
432 427
433 432
433 431
433 430
433 429
434 433
434 432
434 431
435 434
435 433
435 432
435 431
435 430
436 435
436 434
436 433
436 432
436 431
437 436
437 435
437 434
437 433
438 437
438 436
438 435
439 438
439 437
439 436
439 435
440 439
440 438
441 440
441 439
441 438
441 437
441 436
441 435
442 441
442 440
442 439
442 438
442 437
442 436
442 435
442 434
443 442
443 441
443 440
443 439
443 438
443 437
444 443
444 442
444 441
444 440
444 439
445 444
446 445
446 444
446 443
446 442
446 441
446 440
446 439
447 446
447 445
447 444
447 443
448 447
448 446
448 445
448 444
448 443
449 448
449 447
449 446
449 445
449 444
450 449
450 448
450 447
450 446
450 445
450 444
451 450
451 449
451 448
451 447
451 446
452 451
452 450
452 449
452 448
452 447
452 446
453 452
454 453
454 452
454 451
454 450
455 454
455 453
455 452
455 451
455 450
456 455
456 454
456 453
457 456
457 455
457 454
457 453
457 452
458 457
458 456
458 455
459 458
459 457
459 456
459 455
460 459
460 458
460 457
461 460
461 459
461 458
462 461
462 460
462 459
462 458
463 462
463 461
463 460
463 459
463 458
464 463
464 462
464 461
465 464
465 463
466 465
466 464
466 463
466 462
467 466
467 465
467 464
467 463
467 462
468 467
468 466
468 465
468 464
468 463
468 462
468 461
469 468
469 467
469 466
469 465
469 464
469 463
469 462
470 469
470 468
470 467
470 466
470 465
471 470
471 469
471 468
471 467
471 466
471 465
472 471
472 470
473 472
473 471
473 470
473 469
473 468
473 467
473 466
474 473
474 472
474 471
474 470
474 469
474 468
474 467
474 466
475 474
475 473
475 472
475 471
476 475
476 474
476 473
476 472
477 476
477 475
477 474
477 473
477 472
478 477
478 476
478 475
478 474
479 478
479 477
479 476
479 475
479 474
479 473
479 472
479 471
479 470
479 469
479 468
480 479
480 478
480 477
481 480
481 479
481 478
481 477
482 481
482 480
482 479
482 478
483 482
483 481
483 480
483 479
484 483
484 482
484 481
484 480
484 479
484 478
485 484
485 483
486 485
486 484
486 483
486 482
487 486
488 487
488 486
489 488
490 489
490 488
490 487
490 486
491 490
491 489
491 488
491 487
491 486
492 491
492 490
492 489
492 488
492 487
492 486
493 492
493 491
493 490
494 493
494 492
494 491
494 490
494 489
495 494
495 493
496 495
496 494
496 493
496 492
496 491
497 496
497 495
497 494
497 493
498 497
498 496
499 498
499 497
499 496
499 495
499 494
499 493
499 492
499 491
499 490
499 489
499 488
499 487
499 486
499 485
500 499
500 498
500 497
500 496
500 495
500 494
500 493
501 500
501 499
501 498
502 501
502 500
502 499
502 498
502 497
502 496
502 495
503 502
503 501
503 500
503 499
503 498
504 503
504 502
504 501
504 500
504 499
505 504
505 503
505 502
505 501
505 500
506 505
506 504
506 503
507 506
507 505
507 504
507 503
507 502
507 501
508 507
508 506
508 505
508 504
508 503
509 508
509 507
509 506
509 505
509 504
510 509
510 508
510 507
511 510
511 509
511 508
511 507
511 506
511 505
512 511
512 510
513 512
513 511
513 510
514 513
514 512
514 511
514 510
514 509
514 508
515 514
515 513
515 512
515 511
516 515
516 514
516 513
516 512
517 516
517 515
518 517
518 516
518 515
518 514
519 518
519 517
519 516
520 519
520 518
520 517
521 520
521 519
522 521
522 520
523 522
523 521
523 520
523 519
523 518
523 517
523 516
523 515
524 523
524 522
525 524
525 523
525 522
525 521
525 520
526 525
526 524
526 523
526 522
526 521
527 526
527 525
527 524
527 523
528 527
528 526
528 525
528 524
528 523
529 528
529 527
529 526
529 525
529 524
529 523
529 522
530 529
530 528
530 527
530 526
530 525
530 524
530 523
530 522
530 521
531 530
531 529
531 528
531 527
531 526
532 531
532 530
532 529
532 528
533 532
533 531
533 530
533 529
533 528
533 527
533 526
533 525
533 524
534 533
534 532
534 531
534 530
534 529
534 528
535 534
535 533
535 532
536 535
536 534
536 533
536 532
536 531
536 530
537 536
537 535
537 534
537 533
537 532
537 531
538 537
538 536
538 535
538 534
539 538
539 537
539 536
539 535
539 534
540 539
540 538
540 537
540 536
540 535
540 534
540 533
540 532
540 531
540 530
541 540
541 539
541 538
541 537
541 536
542 541
542 540
542 539
543 542
543 541
543 540
543 539
543 538
543 537
544 543
544 542
544 541
544 540
544 539
544 538
544 537
545 544
545 543
545 542
545 541
545 540
546 545
546 544
546 543
547 546
547 545
547 544
547 543
547 542
548 547
548 546
548 545
548 544
548 543
548 542
549 548
550 549
550 548
550 547
551 550
551 549
551 548
551 547
551 546
552 551
552 550
552 549
552 548
553 552
553 551
553 550
553 549
553 548
554 553
554 552
554 551
554 550
554 549
554 548
554 547
554 546
554 545
554 544
555 554
555 553
555 552
555 551
555 550
555 549
555 548
556 555
556 554
556 553
557 556
557 555
557 554
557 553
558 557
558 556
558 555
559 558
560 559
560 558
560 557
560 556
561 560
561 559
561 558
561 557
561 556
561 555
561 554
562 561
562 560
562 559
562 558
562 557
562 556
562 555
562 554
562 553
563 562
563 561
563 560
563 559
563 558
563 557
563 556
563 555
564 563
564 562
564 561
564 560
564 559
564 558
565 564
565 563
565 562
565 561
566 565
566 564
566 563
566 562
567 566
567 565
567 564
567 563
567 562
568 567
568 566
568 565
568 564
568 563
568 562
568 561
568 560
569 568
569 567
569 566
569 565
569 564
570 569
570 568
570 567
570 566
570 565
570 564
570 563
571 570
571 569
571 568
571 567
571 566
571 565
571 564
572 571
572 570
572 569
572 568
572 567
572 566
573 572
573 571
573 570
573 569
573 568
573 567
573 566
574 573
574 572
574 571
574 570
575 574
575 573
575 572
575 571
575 570
575 569
576 575
576 574
576 573
576 572
576 571
577 576
577 575
577 574
577 573
577 572
577 571
577 570
578 577
578 576
578 575
578 574
579 578
579 577
579 576
579 575
580 579
580 578
580 577
580 576
580 575
580 574
581 580
581 579
581 578
581 577
581 576
582 581
582 580
582 579
582 578
582 577
583 582
583 581
583 580
584 583
584 582
584 581
584 580
584 579
585 584
585 583
586 585
586 584
586 583
586 582
586 581
587 586
587 585
587 584
587 583
587 582
587 581
587 580
588 587
588 586
588 585
589 588
589 587
589 586
589 585
589 584
589 583
589 582
590 589
590 588
591 590
591 589
591 588
591 587
591 586
592 591
592 590
592 589
592 588
592 587
592 586
593 592
593 591
593 590
594 593
594 592
594 591
594 590
594 589
595 594
595 593
596 595
596 594
596 593
597 596
597 595
597 594
597 593
597 592
597 591
597 590
597 589
597 588
597 587
598 597
598 596
598 595
598 594
598 593
598 592
598 591
598 590
599 598
599 597
599 596
599 595
600 599
600 598
600 597
600 596
600 595
600 594
601 600
601 599
601 598
601 597
601 596
602 601
602 600
602 599
602 598
602 597
603 602
603 601
603 600
603 599
604 603
604 602
604 601
604 600
604 599
604 598
605 604
605 603
605 602
605 601
605 600
605 599
606 605
606 604
606 603
606 602
606 601
606 600
607 606
607 605
607 604
607 603
607 602
607 601
608 607
608 606
608 605
608 604
609 608
609 607
609 606
609 605
610 609
610 608
610 607
610 606
610 605
610 604
610 603
610 602
611 610
611 609
611 608
611 607
611 606
611 605
612 611
612 610
612 609
612 608
612 607
612 606
612 605
612 604
613 612
613 611
613 610
613 609
613 608
614 613
614 612
614 611
614 610
615 614
615 613
615 612
615 611
615 610
615 609
615 608
615 607
615 606
615 605
616 615
616 614
616 613
616 612
616 611
617 616
617 615
617 614
617 613
618 617
618 616
618 615
618 614
618 613
619 618
619 617
619 616
619 615
619 614
620 619
620 618
620 617
621 620
621 619
621 618
621 617
621 616
621 615
622 621
622 620
622 619
622 618
623 622
623 621
623 620
623 619
623 618
623 617
624 623
624 622
624 621
624 620
624 619
624 618
624 617
624 616
625 624
625 623
625 622
625 621
625 620
625 619
626 625
626 624
626 623
626 622
626 621
626 620
626 619
627 626
627 625
627 624
628 627
628 626
628 625
628 624
628 623
628 622
629 628
629 627
629 626
629 625
629 624
630 629
630 628
630 627
630 626
630 625
630 624
631 630
631 629
631 628
631 627
631 626
632 631
632 630
632 629
632 628
633 632
633 631
633 630
633 629
633 628
634 633
634 632
634 631
634 630
634 629
635 634
635 633
635 632
635 631
635 630
635 629
636 635
636 634
636 633
636 632
637 636
637 635
637 634
637 633
638 637
638 636
638 635
638 634
639 638
639 637
640 639
640 638
640 637
640 636
640 635
640 634
641 640
641 639
641 638
641 637
641 636
641 635
641 634
641 633
641 632
642 641
642 640
643 642
643 641
643 640
643 639
643 638
643 637
644 643
644 642
644 641
644 640
644 639
644 638
644 637
644 636
644 635
645 644
645 643
645 642
645 641
645 640
645 639
646 645
646 644
646 643
646 642
646 641
646 640
646 639
647 646
647 645
648 647
648 646
648 645
648 644
648 643
648 642
648 641
648 640
648 639
649 648
649 647
649 646
649 645
649 644
649 643
650 649
650 648
650 647
650 646
650 645
651 650
651 649
651 648
652 651
652 650
652 649
653 652
653 651
653 650
653 649
653 648
653 647
654 653
654 652
654 651
654 650
655 654
655 653
655 652
655 651
655 650
655 649
655 648
655 647
656 655
656 654
656 653
656 652
656 651
656 650
657 656
657 655
657 654
657 653
658 657
658 656
658 655
658 654
659 658
659 657
659 656
659 655
659 654
659 653
659 652
659 651
659 650
660 659
660 658
660 657
661 660
661 659
661 658
662 661
662 660
662 659
662 658
663 662
663 661
663 660
663 659
663 658
664 663
664 662
665 664
665 663
666 665
666 664
667 666
667 665
667 664
667 663
667 662
667 661
667 660
668 667
668 666
668 665
669 668
669 667
669 666
670 669
670 668
670 667
670 666
670 665
670 664
670 663
670 662
671 670
671 669
671 668
671 667
671 666
671 665
671 664
671 663
672 671
672 670
672 669
672 668
672 667
673 672
673 671
673 670
673 669
674 673
674 672
674 671
674 670
675 674
675 673
675 672
675 671
675 670
675 669
675 668
676 675
676 674
676 673
676 672
676 671
676 670
676 669
677 676
677 675
677 674
677 673
677 672
677 671
678 677
678 676
678 675
678 674
678 673
678 672
678 671
678 670
678 669
678 668
679 678
679 677
679 676
679 675
679 674
679 673
679 672
679 671
680 679
680 678
680 677
681 680
681 679
681 678
681 677
681 676
681 675
682 681
682 680
682 679
682 678
682 677
683 682
683 681
683 680
683 679
683 678
683 677
683 676
683 675
684 683
684 682
684 681
684 680
684 679
684 678
684 677
684 676
684 675
684 674
685 684
685 683
685 682
685 681
685 680
685 679
686 685
686 684
686 683
686 682
686 681
686 680
686 679
686 678
686 677
687 686
687 685
687 684
687 683
687 682
688 687
688 686
688 685
688 684
688 683
688 682
688 681
689 688
689 687
689 686
689 685
689 684
689 683
689 682
690 689
690 688
690 687
690 686
691 690
691 689
691 688
692 691
692 690
692 689
693 692
693 691
693 690
693 689
693 688
693 687
694 693
694 692
694 691
694 690
694 689
695 694
695 693
695 692
695 691
695 690
695 689
696 695
696 694
696 693
696 692
696 691
697 696
697 695
697 694
697 693
697 692
697 691
698 697
698 696
698 695
698 694
698 693
698 692
698 691
698 690
698 689
698 688
698 687
699 698
699 697
699 696
699 695
700 699
700 698
700 697
700 696
700 695
701 700
701 699
701 698
701 697
701 696
701 695
702 701
702 700
702 699
702 698
702 697
702 696
702 695
703 702
704 703
704 702
704 701
704 700
704 699
704 698
705 704
705 703
705 702
705 701
705 700
706 705
706 704
706 703
707 706
707 705
707 704
707 703
708 707
708 706
708 705
708 704
709 708
709 707
709 706
709 705
710 709
710 708
710 707
711 710
711 709
711 708
711 707
711 706
711 705
711 704
711 703
711 702
711 701
711 700
712 711
712 710
712 709
712 708
713 712
713 711
713 710
713 709
713 708
714 713
714 712
714 711
714 710
714 709
715 714
715 713
715 712
715 711
715 710
715 709
715 708
716 715
716 714
716 713
716 712
717 716
717 715
717 714
717 713
717 712
717 711
717 710
717 709
718 717
718 716
718 715
718 714
718 713
718 712
719 718
719 717
719 716
719 715
719 714
719 713
719 712
719 711
719 710
720 719
720 718
720 717
720 716
720 715
721 720
721 719
721 718
722 721
722 720
723 722
723 721
724 723
724 722
724 721
724 720
724 719
724 718
725 724
725 723
726 725
726 724
726 723
726 722
726 721
727 726
727 725
727 724
728 727
728 726
728 725
728 724
728 723
729 728
729 727
729 726
730 729
730 728
730 727
730 726
730 725
731 730
731 729
731 728
731 727
731 726
732 731
732 730
732 729
732 728
732 727
732 726
732 725
732 724
733 732
733 731
733 730
733 729
733 728
733 727
733 726
734 733
734 732
734 731
734 730
735 734
735 733
735 732
735 731
735 730
735 729
735 728
735 727
736 735
736 734
736 733
736 732
737 736
737 735
737 734
738 737
738 736
738 735
739 738
739 737
739 736
740 739
740 738
741 740
741 739
741 738
742 741
742 740
742 739
742 738
742 737
743 742
743 741
743 740
744 743
744 742
744 741
745 744
745 743
745 742
745 741
745 740
746 745
746 744
746 743
746 742
746 741
747 746
747 745
747 744
747 743
747 742
748 747
748 746
748 745
748 744
748 743
748 742
748 741
748 740
748 739
749 748
749 747
749 746
749 745
749 744
749 743
749 742
749 741
749 740
749 739
749 738
750 749
750 748
750 747
750 746
751 750
751 749
751 748
751 747
751 746
751 745
751 744
751 743
751 742
752 751
752 750
752 749
752 748
752 747
752 746
752 745
752 744
753 752
753 751
753 750
753 749
754 753
754 752
754 751
755 754
755 753
755 752
755 751
755 750
755 749
755 748
755 747
755 746
756 755
756 754
756 753
756 752
756 751
756 750
757 756
757 755
757 754
757 753
758 757
758 756
758 755
758 754
758 753
758 752
759 758
759 757
759 756
759 755
759 754
759 753
760 759
760 758
760 757
760 756
760 755
761 760
761 759
761 758
761 757
761 756
761 755
762 761
762 760
762 759
762 758
762 757
762 756
763 762
763 761
763 760
763 759
763 758
764 763
764 762
765 764
765 763
765 762
766 765
766 764
766 763
766 762
766 761
767 766
767 765
767 764
767 763
767 762
767 761
768 767
768 766
769 768
769 767
769 766
769 765
769 764
769 763
769 762
769 761
770 769
770 768
770 767
770 766
771 770
771 769
771 768
771 767
771 766
771 765
771 764
771 763
772 771
772 770
772 769
773 772
773 771
773 770
773 769
773 768
773 767
773 766
774 773
774 772
774 771
774 770
774 769
774 768
775 774
775 773
775 772
775 771
775 770
775 769
775 768
776 775
776 774
776 773
776 772
777 776
777 775
777 774
778 777
778 776
778 775
778 774
778 773
779 778
779 777
779 776
779 775
779 774
780 779
780 778
780 777
780 776
780 775
780 774
780 773
781 780
781 779
782 781
782 780
782 779
782 778
782 777
783 782
783 781
783 780
784 783
784 782
784 781
785 784
785 783
785 782
785 781
786 785
786 784
786 783
787 786
787 785
787 784
787 783
787 782
787 781
787 780
787 779
788 787
788 786
788 785
788 784
788 783
788 782
789 788
789 787
789 786
789 785
789 784
789 783
789 782
789 781
789 780
790 789
790 788
790 787
791 790
791 789
791 788
791 787
792 791
792 790
792 789
792 788
793 792
793 791
793 790
794 793
794 792
794 791
794 790
794 789
794 788
794 787
795 794
795 793
795 792
795 791
795 790
795 789
795 788
795 787
795 786
796 795
796 794
796 793
796 792
796 791
796 790
796 789
796 788
796 787
796 786
797 796
797 795
797 794
797 793
797 792
797 791
797 790
798 797
798 796
798 795
798 794
798 793
798 792
798 791
799 798
799 797
799 796
799 795
800 799
800 798
800 797
800 796
800 795
801 800
801 799
801 798
801 797
801 796
801 795
802 801
802 800
802 799
802 798
802 797
802 796
802 795
803 802
803 801
803 800
803 799
804 803
804 802
804 801
804 800
805 804
805 803
805 802
805 801
805 800
805 799
805 798
806 805
806 804
806 803
806 802
807 806
807 805
807 804
807 803
807 802
807 801
808 807
808 806
808 805
808 804
809 808
809 807
809 806
809 805
809 804
809 803
809 802
810 809
810 808
810 807
810 806
810 805
810 804
810 803
810 802
811 810
811 809
811 808
811 807
811 806
811 805
811 804
811 803
811 802
811 801
811 800
811 799
811 798
812 811
812 810
812 809
812 808
813 812
813 811
813 810
813 809
813 808
813 807
813 806
814 813
814 812
814 811
815 814
815 813
815 812
815 811
815 810
815 809
815 808
815 807
816 815
816 814
816 813
816 812
816 811
817 816
817 815
817 814
818 817
818 816
818 815
818 814
819 818
819 817
819 816
819 815
820 819
820 818
820 817
820 816
821 820
821 819
821 818
821 817
821 816
821 815
822 821
822 820
822 819
822 818
822 817
822 816
823 822
823 821
823 820
823 819
823 818
823 817
823 816
823 815
824 823
824 822
824 821
824 820
825 824
825 823
825 822
826 825
826 824
826 823
827 826
827 825
827 824
827 823
827 822
828 827
828 826
828 825
828 824
828 823
829 828
829 827
829 826
830 829
830 828
830 827
830 826
830 825
831 830
832 831
832 830
832 829
832 828
832 827
833 832
833 831
833 830
833 829
834 833
834 832
834 831
834 830
834 829
834 828
834 827
835 834
835 833
835 832
835 831
835 830
835 829
835 828
836 835
836 834
836 833
836 832
836 831
837 836
837 835
837 834
838 837
838 836
838 835
838 834
838 833
838 832
839 838
839 837
839 836
840 839
840 838
840 837
840 836
841 840
841 839
841 838
841 837
842 841
842 840
842 839
842 838
842 837
842 836
842 835
843 842
843 841
843 840
843 839
843 838
843 837
843 836
844 843
844 842
844 841
845 844
845 843
845 842
845 841
845 840
845 839
846 845
846 844
846 843
846 842
846 841
846 840
846 839
847 846
847 845
847 844
847 843
847 842
847 841
848 847
848 846
848 845
848 844
849 848
849 847
849 846
849 845
849 844
849 843
849 842
849 841
850 849
850 848
850 847
850 846
850 845
850 844
850 843
851 850
851 849
851 848
851 847
851 846
851 845
851 844
851 843
852 851
852 850
852 849
852 848
852 847
853 852
853 851
853 850
853 849
853 848
853 847
853 846
854 853
854 852
854 851
854 850
854 849
854 848
854 847
854 846
855 854
856 855
856 854
856 853
856 852
856 851
857 856
857 855
857 854
857 853
858 857
858 856
858 855
858 854
859 858
859 857
859 856
859 855
859 854
859 853
859 852
860 859
860 858
860 857
860 856
861 860
861 859
861 858
861 857
861 856
861 855
861 854
861 853
862 861
862 860
862 859
862 858
862 857
863 862
864 863
864 862
864 861
864 860
864 859
864 858
864 857
865 864
865 863
865 862
866 865
866 864
866 863
866 862
867 866
867 865
867 864
867 863
867 862
867 861
868 867
868 866
868 865
868 864
868 863
869 868
869 867
869 866
869 865
870 869
870 868
870 867
870 866
870 865
870 864
870 863
871 870
871 869
871 868
871 867
871 866
871 865
871 864
872 871
872 870
872 869
872 868
872 867
872 866
873 872
873 871
873 870
873 869
874 873
874 872
874 871
874 870
874 869
874 868
874 867
875 874
875 873
875 872
875 871
876 875
876 874
876 873
876 872
877 876
877 875
877 874
877 873
878 877
878 876
878 875
878 874
879 878
879 877
879 876
879 875
880 879
880 878
880 877
880 876
881 880
881 879
881 878
882 881
882 880
882 879
882 878
882 877
883 882
883 881
883 880
883 879
883 878
884 883
884 882
884 881
884 880
884 879
885 884
885 883
885 882
885 881
886 885
886 884
886 883
886 882
886 881
886 880
886 879
887 886
887 885
887 884
887 883
887 882
887 881
887 880
888 887
888 886
888 885
888 884
888 883
888 882
888 881
889 888
889 887
889 886
889 885
889 884
890 889
890 888
890 887
890 886
891 890
891 889
891 888
891 887
891 886
891 885
891 884
892 891
892 890
892 889
892 888
893 892
893 891
893 890
894 893
894 892
894 891
894 890
894 889
894 888
895 894
895 893
895 892
895 891
895 890
896 895
896 894
896 893
896 892
896 891
896 890
896 889
897 896
897 895
897 894
897 893
897 892
898 897
898 896
898 895
898 894
898 893
899 898
899 897
900 899
900 898
900 897
900 896
900 895
901 900
901 899
902 901
902 900
902 899
902 898
902 897
902 896
903 902
903 901
903 900
903 899
903 898
903 897
903 896
904 903
904 902
904 901
904 900
904 899
904 898
905 904
905 903
905 902
905 901
906 905
906 904
906 903
906 902
906 901
906 900
906 899
907 906
907 905
907 904
907 903
907 902
907 901
907 900
908 907
908 906
908 905
908 904
908 903
908 902
908 901
909 908
909 907
909 906
909 905
909 904
910 909
910 908
911 910
911 909
911 908
911 907
911 906
911 905
912 911
912 910
912 909
913 912
913 911
913 910
913 909
913 908
914 913
914 912
914 911
914 910
914 909
915 914
915 913
915 912
915 911
915 910
915 909
916 915
916 914
916 913
916 912
916 911
916 910
916 909
916 908
917 916
917 915
917 914
917 913
917 912
918 917
918 916
918 915
919 918
919 917
919 916
919 915
920 919
920 918
920 917
920 916
920 915
921 920
921 919
921 918
921 917
922 921
922 920
923 922
923 921
924 923
925 924
925 923
925 922
925 921
925 920
926 925
927 926
927 925
927 924
927 923
928 927
928 926
928 925
929 928
929 927
929 926
929 925
929 924
929 923
930 929
930 928
930 927
930 926
930 925
930 924
931 930
931 929
931 928
931 927
931 926
931 925
932 931
932 930
932 929
932 928
932 927
932 926
933 932
933 931
933 930
933 929
933 928
934 933
934 932
934 931
934 930
934 929
935 934
935 933
935 932
935 931
935 930
935 929
935 928
935 927
936 935
936 934
936 933
936 932
936 931
936 930
936 929
936 928
936 927
936 926
936 925
937 936
937 935
937 934
937 933
937 932
938 937
938 936
938 935
938 934
938 933
938 932
939 938
939 937
939 936
939 935
939 934
940 939
940 938
940 937
940 936
940 935
940 934
941 940
941 939
941 938
941 937
941 936
942 941
942 940
942 939
942 938
942 937
943 942
943 941
943 940
943 939
943 938
943 937
943 936
943 935
944 943
944 942
944 941
944 940
944 939
945 944
945 943
945 942
945 941
945 940
946 945
946 944
946 943
946 942
946 941
947 946
947 945
947 944
947 943
948 947
948 946
948 945
948 944
948 943
948 942
949 948
949 947
949 946
949 945
949 944
949 943
949 942
950 949
950 948
950 947
950 946
950 945
951 950
951 949
951 948
951 947
951 946
951 945
951 944
951 943
952 951
952 950
952 949
952 948
952 947
952 946
953 952
953 951
953 950
953 949
953 948
954 953
954 952
954 951
954 950
955 954
955 953
955 952
955 951
955 950
956 955
956 954
956 953
957 956
957 955
957 954
957 953
957 952
957 951
958 957
958 956
958 955
958 954
958 953
958 952
958 951
959 958
959 957
959 956
959 955
959 954
959 953
960 959
960 958
961 960
961 959
961 958
961 957
961 956
961 955
961 954
962 961
962 960
962 959
962 958
962 957
962 956
962 955
963 962
964 963
964 962
964 961
964 960
964 959
964 958
965 964
965 963
965 962
965 961
965 960
966 965
966 964
966 963
966 962
966 961
966 960
967 966
967 965
967 964
967 963
968 967
968 966
968 965
968 964
968 963
968 962
969 968
970 969
970 968
970 967
971 970
971 969
972 971
972 970
972 969
972 968
972 967
973 972
973 971
973 970
973 969
973 968
974 973
974 972
974 971
974 970
975 974
975 973
975 972
975 971
975 970
975 969
975 968
975 967
976 975
976 974
976 973
976 972
976 971
976 970
976 969
977 976
977 975
977 974
977 973
977 972
977 971
978 977
978 976
978 975
978 974
978 973
979 978
979 977
979 976
979 975
980 979
980 978
980 977
980 976
981 980
981 979
981 978
981 977
981 976
981 975
982 981
982 980
982 979
982 978
982 977
982 976
982 975
982 974
983 982
983 981
983 980
983 979
983 978
983 977
984 983
984 982
984 981
984 980
985 984
985 983
985 982
985 981
986 985
986 984
986 983
986 982
986 981
987 986
987 985
987 984
987 983
987 982
988 987
988 986
988 985
989 988
990 989
990 988
990 987
990 986
990 985
991 990
991 989
992 991
992 990
992 989
992 988
992 987
993 992
993 991
993 990
993 989
994 993
994 992
994 991
994 990
994 989
994 988
994 987
995 994
995 993
995 992
996 995
996 994
997 996
997 995
997 994
997 993
998 997
998 996
998 995
998 994
998 993
998 992
998 991
999 998
