0 1
0 2
0 3
1 0
2 1
3 2
3 1
3 0
3 4
3 5
3 6
3 7
4 3
4 2
4 1
4 0
4 5
5 4
6 5
6 4
6 3
6 2
6 1
7 6
7 5
7 4
8 7
8 6
9 8
9 7
9 6
9 5
9 4
9 3
9 2
10 9
11 10
11 9
11 8
12 11
12 10
12 9
12 8
13 12
13 11
13 10
13 9
13 8
14 13
14 12
15 14
15 13
15 12
16 15
16 14
17 16
18 17
18 16
18 15
18 14
18 13
19 18
19 17
19 16
20 19
20 18
20 17
20 16
20 15
21 20
21 19
21 18
21 17
21 16
21 15
21 14
21 13
22 21
22 20
22 19
23 22
23 21
23 20
23 19
23 18
24 23
24 22
24 21
24 20
24 19
24 18
25 24
25 23
26 25
27 26
27 25
27 24
27 23
28 27
28 26
28 25
28 24
28 23
29 28
29 27
29 26
29 25
29 24
29 23
30 29
30 28
30 27
30 26
30 25
30 24
31 30
31 29
31 28
31 27
31 26
32 31
32 30
33 32
33 31
33 30
33 29
34 33
35 34
35 33
35 32
36 35
36 34
36 33
36 32
36 31
36 30
36 29
36 28
37 36
37 35
37 34
37 33
38 37
39 38
39 37
39 36
39 35
39 34
39 33
39 32
40 39
40 38
40 37
41 40
41 39
42 41
42 40
42 39
42 38
42 37
42 36
42 35
42 34
43 42
43 41
44 43
44 42
45 44
45 43
45 42
45 41
46 45
46 44
46 43
46 42
47 46
47 45
48 47
48 46
48 45
49 48
49 47
49 46
49 45
50 49
50 48
50 47
51 50
51 49
51 48
52 51
52 50
52 49
52 48
52 47
52 46
53 52
53 51
54 53
54 52
54 51
55 54
55 53
56 55
57 56
57 55
57 54
58 57
58 56
58 55
58 54
58 53
58 52
59 58
59 57
59 56
59 55
60 59
61 60
61 59
61 58
61 57
61 56
62 61
62 60
62 59
62 58
63 62
63 61
64 63
64 62
64 61
64 60
64 59
65 64
65 63
65 62
65 61
65 60
66 65
66 64
66 63
67 66
67 65
67 64
67 63
67 62
67 61
68 67
68 66
69 68
69 67
69 66
69 65
69 64
69 63
70 69
70 68
71 70
71 69
72 71
72 70
72 69
72 68
73 72
73 71
74 73
74 72
74 71
74 70
75 74
75 73
76 75
76 74
76 73
76 72
77 76
77 75
77 74
78 77
78 76
78 75
79 78
79 77
80 79
80 78
81 80
82 81
82 80
82 79
83 82
83 81
83 80
83 79
84 83
85 84
85 83
85 82
86 85
86 84
87 86
88 87
88 86
88 85
88 84
88 83
88 82
89 88
89 87
89 86
89 85
89 84
89 83
89 82
89 81
90 89
90 88
91 90
92 91
92 90
92 89
92 88
92 87
92 86
93 92
94 93
94 92
94 91
94 90
94 89
95 94
95 93
95 92
96 95
97 96
97 95
97 94
97 93
97 92
98 97
98 96
98 95
98 94
98 93
99 98
