0 1
0 2
0 3
0 4
0 5
0 6
0 7
0 8
0 9
0 10
0 11
0 12
0 13
0 14
0 15
0 16
0 17
0 18
0 19
0 20
0 21
0 22
0 23
0 24
0 25
0 26
0 27
0 28
0 29
0 30
0 31
0 32
0 33
0 34
0 35
0 36
0 37
0 38
0 39
0 40
0 41
0 42
0 43
0 44
0 45
0 46
0 47
0 48
0 49
0 50
0 51
0 52
0 53
0 54
0 55
0 56
0 57
0 58
0 59
0 60
0 61
0 62
0 63
0 64
0 65
0 66
0 67
0 68
0 69
0 70
0 71
0 72
0 73
0 74
0 75
0 76
0 77
0 78
0 79
0 80
0 81
0 82
0 83
1 0
1 2
1 3
1 4
1 5
1 6
1 7
1 8
1 9
1 10
1 11
1 12
1 13
1 14
1 15
1 16
1 17
1 18
1 19
1 20
1 21
1 22
1 23
1 24
1 25
1 26
1 27
1 28
1 29
1 30
1 31
1 32
1 33
2 1
2 0
2 3
2 4
2 5
2 6
2 7
2 8
2 9
2 10
2 11
2 12
2 13
2 14
2 15
2 16
2 17
2 18
2 19
2 20
2 21
2 22
2 23
2 24
2 25
2 26
2 27
2 28
2 29
2 30
2 31
2 32
2 33
2 34
2 35
2 36
2 37
2 38
3 2
3 1
3 0
3 4
3 5
3 6
3 7
3 8
3 9
3 10
3 11
3 12
3 13
3 14
3 15
3 16
3 17
3 18
3 19
3 20
3 21
3 22
3 23
3 24
3 25
3 26
3 27
3 28
3 29
3 30
3 31
3 32
3 33
3 34
4 3
4 2
4 1
4 0
4 5
4 6
4 7
4 8
4 9
4 10
4 11
4 12
4 13
4 14
4 15
4 16
4 17
4 18
4 19
4 20
4 21
4 22
4 23
4 24
4 25
4 26
4 27
4 28
4 29
4 30
4 31
4 32
4 33
5 4
5 3
5 2
5 1
5 0
5 6
5 7
5 8
5 9
5 10
5 11
5 12
5 13
5 14
5 15
5 16
5 17
5 18
5 19
5 20
5 21
5 22
5 23
5 24
5 25
5 26
6 5
6 4
6 3
6 2
6 1
6 0
6 7
6 8
6 9
6 10
6 11
6 12
6 13
6 14
6 15
6 16
6 17
6 18
6 19
6 20
6 21
6 22
6 23
6 24
7 6
7 5
7 4
7 3
7 2
7 1
7 0
7 8
7 9
7 10
7 11
7 12
7 13
7 14
7 15
7 16
7 17
7 18
7 19
7 20
7 21
7 22
7 23
7 24
7 25
7 26
8 7
8 6
8 5
8 4
8 3
8 2
8 1
8 0
8 9
8 10
8 11
8 12
8 13
8 14
8 15
8 16
8 17
8 18
8 19
8 20
8 21
8 22
8 23
8 24
8 25
8 26
8 27
9 8
9 7
9 6
9 5
9 4
9 3
9 2
9 1
9 0
9 10
9 11
9 12
9 13
9 14
9 15
9 16
9 17
9 18
9 19
9 20
9 21
9 22
9 23
9 24
9 25
9 26
9 27
9 28
9 29
9 30
9 31
10 9
10 8
10 7
10 6
10 5
10 4
10 3
10 2
10 1
10 0
10 11
10 12
10 13
10 14
10 15
10 16
10 17
10 18
10 19
10 20
10 21
10 22
10 23
10 24
10 25
10 26
11 10
11 9
11 8
11 7
11 6
11 5
11 4
11 3
11 2
11 1
11 0
11 12
11 13
11 14
11 15
11 16
11 17
11 18
11 19
11 20
12 11
12 10
12 9
12 8
12 7
12 6
12 5
12 4
12 3
12 2
12 1
12 0
12 13
12 14
12 15
12 16
12 17
12 18
12 19
12 20
13 12
13 11
13 10
13 9
13 8
13 7
13 6
13 5
13 4
13 3
13 2
13 1
13 0
13 14
13 15
13 16
13 17
13 18
13 19
13 20
13 21
14 13
14 12
14 11
14 10
14 9
14 8
14 7
14 6
14 5
14 4
14 3
14 2
14 1
14 0
14 15
15 14
15 13
15 12
15 11
15 10
15 9
15 8
15 7
15 6
15 5
15 4
15 3
15 2
15 1
15 0
15 16
15 17
15 18
15 19
15 20
15 21
15 22
15 23
15 24
15 25
16 15
16 14
16 13
16 12
16 11
16 10
16 9
16 8
16 7
16 6
16 5
16 4
16 3
16 2
16 1
16 0
16 17
16 18
16 19
16 20
16 21
16 22
16 23
16 24
16 25
16 26
16 27
16 28
16 29
17 16
17 15
17 14
17 13
17 12
17 11
17 10
17 9
17 8
17 7
17 6
17 5
17 4
17 3
17 2
17 1
17 0
17 18
17 19
17 20
17 21
17 22
17 23
17 24
17 25
18 17
18 16
18 15
18 14
18 13
18 12
18 11
18 10
18 9
18 8
18 7
18 6
19 18
19 17
19 16
19 15
19 14
19 13
19 12
19 11
19 10
19 9
19 8
19 7
19 6
19 5
19 4
19 3
19 2
19 1
19 0
19 20
19 21
20 19
20 18
20 17
20 16
20 15
20 14
20 13
20 12
20 11
20 10
20 9
20 8
20 7
20 6
20 5
21 20
21 19
21 18
21 17
21 16
21 15
21 14
21 13
21 12
21 11
21 10
21 9
21 8
21 7
21 6
21 5
21 4
21 3
21 2
22 21
22 20
22 19
22 18
22 17
22 16
22 15
22 14
22 13
22 12
22 11
22 10
22 9
22 8
22 7
22 6
22 5
22 4
22 3
23 22
23 21
23 20
23 19
23 18
23 17
23 16
23 15
23 14
23 13
23 12
23 11
23 10
23 9
23 8
23 7
23 6
23 5
23 4
23 3
24 23
24 22
24 21
24 20
24 19
24 18
24 17
24 16
24 15
24 14
24 13
24 12
24 11
24 10
24 9
24 8
24 7
24 6
24 5
24 4
25 24
25 23
25 22
25 21
25 20
25 19
25 18
25 17
25 16
25 15
25 14
25 13
25 12
25 11
25 10
25 9
26 25
26 24
26 23
26 22
26 21
26 20
26 19
26 18
26 17
26 16
26 15
26 14
26 13
26 12
26 11
26 10
26 9
26 8
26 7
26 6
26 5
27 26
27 25
27 24
27 23
27 22
27 21
27 20
27 19
27 18
27 17
28 27
28 26
28 25
28 24
28 23
28 22
28 21
28 20
28 19
28 18
28 17
28 16
29 28
29 27
29 26
29 25
29 24
29 23
29 22
29 21
29 20
29 19
29 18
30 29
30 28
30 27
30 26
30 25
30 24
30 23
30 22
31 30
31 29
31 28
31 27
31 26
31 25
31 24
31 23
31 22
31 21
31 20
31 19
31 18
31 17
31 16
31 15
31 14
31 13
31 12
31 11
31 10
31 9
31 8
31 7
31 6
31 5
31 4
31 3
31 2
31 1
31 0
31 32
31 33
31 34
31 35
31 36
31 37
31 38
31 39
31 40
31 41
31 42
31 43
32 31
32 30
32 29
32 28
32 27
32 26
32 25
32 24
32 23
32 22
32 21
32 20
32 19
33 32
33 31
33 30
33 29
33 28
33 27
33 26
33 25
33 24
33 23
33 22
33 21
33 20
33 19
33 18
33 17
34 33
34 32
34 31
34 30
34 29
34 28
34 27
34 26
34 25
34 24
34 23
34 22
34 21
34 20
34 19
34 18
34 17
35 34
35 33
35 32
35 31
35 30
35 29
35 28
35 27
35 26
35 25
35 24
35 23
35 22
35 21
35 20
35 19
35 18
36 35
36 34
36 33
36 32
36 31
36 30
36 29
37 36
37 35
37 34
37 33
37 32
37 31
37 30
37 29
37 28
37 27
37 26
37 25
37 24
37 23
37 22
37 21
37 20
37 19
37 18
38 37
38 36
38 35
38 34
38 33
38 32
38 31
38 30
38 29
38 28
38 27
38 26
38 25
38 24
38 23
38 22
38 21
38 20
38 19
38 18
38 17
38 16
39 38
39 37
39 36
39 35
39 34
39 33
39 32
39 31
40 39
40 38
40 37
40 36
40 35
40 34
40 33
40 32
40 31
40 30
40 29
40 28
40 27
40 26
41 40
41 39
41 38
41 37
41 36
41 35
41 34
41 33
41 32
41 31
41 30
41 29
41 28
41 27
41 26
41 25
42 41
42 40
42 39
42 38
42 37
42 36
42 35
42 34
42 33
42 32
42 31
43 42
43 41
43 40
43 39
43 38
43 37
43 36
43 35
43 34
43 33
43 32
44 43
44 42
44 41
44 40
44 39
44 38
44 37
44 36
44 35
44 34
44 33
44 32
45 44
45 43
45 42
45 41
45 40
45 39
46 45
46 44
46 43
46 42
46 41
46 40
46 39
46 38
46 37
46 36
46 35
46 34
46 33
46 32
46 31
47 46
47 45
47 44
47 43
47 42
47 41
47 40
47 39
47 38
47 37
47 36
48 47
48 46
48 45
48 44
48 43
48 42
48 41
48 40
48 39
48 38
48 37
48 36
48 35
48 34
48 33
48 32
48 31
49 48
49 47
49 46
49 45
49 44
49 43
49 42
49 41
49 40
49 39
49 38
49 37
49 36
49 35
49 34
50 49
50 48
50 47
50 46
50 45
50 44
50 43
50 42
50 41
50 40
51 50
51 49
51 48
51 47
51 46
51 45
51 44
51 43
52 51
52 50
52 49
52 48
52 47
52 46
52 45
52 44
52 43
52 42
52 41
53 52
53 51
53 50
53 49
53 48
53 47
54 53
54 52
54 51
54 50
54 49
54 48
55 54
55 53
55 52
56 55
56 54
56 53
56 52
56 51
56 50
56 49
56 48
56 47
56 46
56 45
57 56
57 55
57 54
57 53
57 52
57 51
57 50
57 49
57 48
57 47
57 46
57 45
57 44
57 43
58 57
58 56
58 55
58 54
58 53
58 52
58 51
59 58
59 57
59 56
59 55
59 54
60 59
60 58
60 57
60 56
60 55
60 54
60 53
60 52
60 51
60 50
61 60
61 59
61 58
61 57
61 56
61 55
61 54
62 61
62 60
62 59
62 58
62 57
62 56
62 55
62 54
62 53
62 52
62 51
62 50
62 49
62 48
62 47
62 46
62 45
62 44
62 43
62 42
62 41
62 40
62 39
62 38
62 37
62 36
62 35
62 34
62 33
62 32
62 31
62 30
62 29
62 28
62 27
62 26
62 25
62 24
62 23
62 22
62 21
62 20
63 62
63 61
63 60
63 59
63 58
63 57
63 56
63 55
63 54
63 53
63 52
63 51
63 50
63 49
63 48
63 47
64 63
64 62
64 61
64 60
64 59
64 58
64 57
64 56
64 55
64 54
64 53
64 52
64 51
64 50
65 64
65 63
65 62
65 61
65 60
65 59
65 58
65 57
65 56
65 55
65 54
65 53
66 65
66 64
66 63
66 62
66 61
66 60
66 59
66 58
66 57
66 56
66 55
66 54
66 53
67 66
67 65
67 64
67 63
67 62
67 61
67 60
67 59
67 58
67 57
67 56
67 55
67 54
67 53
68 67
68 66
68 65
68 64
68 63
68 62
68 61
68 60
68 59
68 58
68 57
68 56
68 55
68 54
68 53
68 52
68 51
68 50
69 68
69 67
69 66
69 65
69 64
69 63
69 62
69 61
69 60
69 59
69 58
69 57
69 56
69 55
69 54
70 69
70 68
70 67
70 66
70 65
70 64
70 63
70 62
70 61
70 60
70 59
70 58
71 70
71 69
71 68
71 67
71 66
71 65
71 64
72 71
72 70
72 69
72 68
72 67
72 66
72 65
72 64
72 63
72 62
72 61
72 60
72 59
72 58
72 57
72 56
72 55
72 54
73 72
73 71
73 70
73 69
73 68
73 67
73 66
73 65
73 64
73 63
73 62
73 61
74 73
74 72
74 71
74 70
74 69
74 68
74 67
74 66
74 65
75 74
75 73
75 72
75 71
75 70
75 69
76 75
76 74
76 73
76 72
76 71
76 70
76 69
76 68
76 67
76 66
77 76
77 75
77 74
77 73
77 72
77 71
77 70
77 69
77 68
77 67
77 66
77 65
77 64
77 63
77 62
78 77
78 76
78 75
78 74
78 73
78 72
78 71
78 70
78 69
78 68
78 67
78 66
78 65
79 78
79 77
79 76
79 75
79 74
79 73
79 72
79 71
79 70
79 69
79 68
80 79
80 78
80 77
80 76
80 75
80 74
80 73
80 72
80 71
80 70
80 69
80 68
80 67
80 66
81 80
81 79
81 78
81 77
81 76
81 75
81 74
81 73
81 72
81 71
81 70
81 69
82 81
82 80
82 79
82 78
82 77
82 76
82 75
82 74
82 73
82 72
82 71
82 70
82 69
83 82
83 81
83 80
83 79
83 78
84 83
84 82
84 81
84 80
85 84
85 83
85 82
85 81
85 80
85 79
85 78
85 77
85 76
86 85
86 84
86 83
86 82
86 81
86 80
87 86
87 85
87 84
87 83
87 82
87 81
87 80
87 79
88 87
88 86
88 85
88 84
88 83
88 82
89 88
89 87
89 86
89 85
89 84
90 89
90 88
90 87
90 86
90 85
90 84
90 83
90 82
90 81
91 90
91 89
91 88
91 87
91 86
91 85
92 91
92 90
92 89
92 88
92 87
92 86
92 85
92 84
93 92
93 91
93 90
93 89
93 88
93 87
93 86
93 85
93 84
93 83
93 82
93 81
93 80
93 79
93 78
93 77
93 76
93 75
93 74
93 73
93 72
94 93
94 92
94 91
94 90
94 89
94 88
94 87
94 86
94 85
95 94
95 93
95 92
95 91
95 90
95 89
95 88
95 87
96 95
96 94
96 93
96 92
96 91
96 90
96 89
96 88
96 87
96 86
96 85
97 96
97 95
97 94
98 97
98 96
98 95
98 94
98 93
98 92
99 98
99 97
99 96
99 95
99 94
99 93
99 92
100 99
100 98
100 97
100 96
100 95
100 94
100 93
100 92
100 91
100 90
101 100
101 99
101 98
101 97
101 96
101 95
101 94
101 93
101 92
101 91
101 90
101 89
101 88
102 101
102 100
102 99
102 98
102 97
102 96
102 95
102 94
102 93
102 92
103 102
103 101
103 100
103 99
103 98
103 97
104 103
104 102
104 101
104 100
104 99
104 98
104 97
104 96
105 104
105 103
105 102
105 101
105 100
105 99
106 105
106 104
106 103
106 102
106 101
106 100
106 99
106 98
106 97
107 106
107 105
107 104
108 107
108 106
108 105
108 104
108 103
108 102
108 101
109 108
109 107
109 106
109 105
109 104
109 103
110 109
110 108
110 107
110 106
111 110
111 109
111 108
111 107
111 106
111 105
111 104
111 103
111 102
112 111
112 110
112 109
112 108
113 112
113 111
113 110
114 113
114 112
114 111
115 114
115 113
115 112
116 115
116 114
116 113
116 112
117 116
117 115
117 114
118 117
118 116
118 115
118 114
118 113
119 118
119 117
120 119
120 118
120 117
121 120
121 119
121 118
121 117
122 121
122 120
123 122
123 121
123 120
123 119
123 118
124 123
124 122
124 121
124 120
124 119
124 118
124 117
124 116
124 115
124 114
124 113
124 112
124 111
124 110
124 109
124 108
124 107
124 106
124 105
124 104
124 103
124 102
124 101
124 100
124 99
124 98
124 97
124 96
124 95
124 94
124 93
124 92
125 124
125 123
125 122
125 121
125 120
125 119
125 118
125 117
125 116
125 115
125 114
125 113
125 112
125 111
125 110
126 125
126 124
126 123
126 122
126 121
126 120
126 119
126 118
126 117
126 116
126 115
126 114
126 113
126 112
126 111
126 110
127 126
127 125
127 124
127 123
127 122
127 121
127 120
127 119
127 118
127 117
127 116
127 115
128 127
128 126
128 125
128 124
128 123
128 122
128 121
128 120
128 119
128 118
129 128
129 127
129 126
129 125
129 124
129 123
129 122
129 121
129 120
129 119
129 118
129 117
129 116
129 115
130 129
130 128
130 127
130 126
130 125
130 124
130 123
130 122
131 130
131 129
131 128
131 127
131 126
131 125
131 124
131 123
131 122
132 131
132 130
132 129
132 128
132 127
132 126
132 125
132 124
133 132
133 131
133 130
133 129
133 128
133 127
133 126
133 125
133 124
133 123
133 122
133 121
133 120
133 119
133 118
133 117
133 116
134 133
134 132
134 131
134 130
134 129
134 128
134 127
135 134
135 133
135 132
135 131
135 130
135 129
136 135
136 134
136 133
136 132
136 131
136 130
137 136
137 135
137 134
137 133
137 132
137 131
137 130
137 129
138 137
138 136
138 135
138 134
138 133
138 132
138 131
138 130
138 129
139 138
139 137
139 136
139 135
139 134
139 133
139 132
140 139
140 138
140 137
140 136
140 135
140 134
140 133
141 140
141 139
141 138
141 137
141 136
141 135
141 134
141 133
142 141
142 140
142 139
142 138
142 137
142 136
142 135
142 134
142 133
142 132
142 131
143 142
143 141
143 140
143 139
143 138
143 137
143 136
143 135
143 134
143 133
143 132
144 143
144 142
144 141
144 140
144 139
144 138
145 144
145 143
145 142
145 141
145 140
145 139
145 138
145 137
145 136
145 135
146 145
146 144
146 143
146 142
146 141
146 140
146 139
146 138
147 146
147 145
147 144
147 143
147 142
147 141
147 140
147 139
147 138
147 137
147 136
147 135
148 147
148 146
148 145
148 144
148 143
149 148
149 147
149 146
149 145
149 144
149 143
149 142
149 141
149 140
149 139
150 149
150 148
150 147
150 146
150 145
150 144
151 150
151 149
151 148
152 151
152 150
152 149
152 148
152 147
153 152
153 151
153 150
153 149
154 153
154 152
154 151
154 150
154 149
155 154
155 153
155 152
155 151
155 150
155 149
155 148
155 147
155 146
155 145
155 144
155 143
155 142
155 141
155 140
155 139
155 138
155 137
155 136
155 135
155 134
155 133
155 132
155 131
155 130
155 129
155 128
155 127
155 126
155 125
155 124
156 155
156 154
156 153
156 152
156 151
156 150
156 149
156 148
157 156
157 155
157 154
157 153
157 152
157 151
158 157
158 156
158 155
159 158
159 157
159 156
159 155
159 154
159 153
159 152
159 151
159 150
160 159
160 158
160 157
160 156
161 160
161 159
161 158
161 157
161 156
161 155
161 154
162 161
162 160
162 159
162 158
162 157
162 156
162 155
162 154
162 153
163 162
163 161
163 160
163 159
164 163
164 162
164 161
164 160
165 164
165 163
165 162
165 161
165 160
165 159
165 158
165 157
165 156
165 155
165 154
165 153
165 152
166 165
166 164
166 163
166 162
166 161
166 160
167 166
167 165
167 164
168 167
168 166
168 165
168 164
169 168
169 167
169 166
169 165
169 164
170 169
170 168
170 167
170 166
170 165
171 170
171 169
171 168
172 171
172 170
172 169
172 168
172 167
172 166
173 172
173 171
173 170
174 173
174 172
174 171
174 170
174 169
174 168
174 167
174 166
175 174
175 173
175 172
175 171
176 175
176 174
176 173
177 176
177 175
177 174
177 173
177 172
178 177
178 176
178 175
178 174
178 173
178 172
179 178
179 177
179 176
179 175
179 174
179 173
180 179
180 178
180 177
180 176
180 175
180 174
181 180
181 179
181 178
181 177
181 176
181 175
181 174
181 173
182 181
182 180
182 179
183 182
183 181
183 180
183 179
183 178
184 183
184 182
184 181
185 184
185 183
185 182
186 185
186 184
186 183
186 182
186 181
186 180
186 179
186 178
186 177
186 176
186 175
186 174
186 173
186 172
186 171
186 170
186 169
186 168
187 186
187 185
187 184
187 183
187 182
187 181
187 180
187 179
187 178
187 177
187 176
187 175
188 187
188 186
188 185
188 184
189 188
189 187
189 186
189 185
189 184
189 183
189 182
189 181
189 180
189 179
189 178
189 177
189 176
189 175
189 174
189 173
190 189
190 188
190 187
190 186
190 185
190 184
190 183
190 182
190 181
190 180
191 190
191 189
191 188
191 187
191 186
191 185
191 184
192 191
192 190
192 189
192 188
192 187
192 186
192 185
193 192
193 191
193 190
193 189
193 188
194 193
194 192
194 191
194 190
194 189
195 194
195 193
195 192
195 191
196 195
196 194
196 193
196 192
197 196
197 195
197 194
197 193
197 192
197 191
198 197
198 196
198 195
198 194
199 198
199 197
199 196
199 195
199 194
199 193
200 199
200 198
200 197
200 196
201 200
201 199
201 198
202 201
202 200
202 199
202 198
202 197
202 196
202 195
203 202
203 201
203 200
203 199
203 198
204 203
204 202
204 201
204 200
204 199
204 198
204 197
205 204
205 203
205 202
205 201
206 205
206 204
206 203
207 206
207 205
207 204
208 207
208 206
208 205
209 208
209 207
209 206
209 205
210 209
210 208
210 207
211 210
211 209
211 208
212 211
212 210
213 212
213 211
213 210
213 209
214 213
214 212
214 211
214 210
214 209
215 214
215 213
215 212
216 215
216 214
216 213
216 212
217 216
217 215
217 214
217 213
218 217
218 216
218 215
219 218
219 217
219 216
219 215
219 214
219 213
219 212
220 219
220 218
220 217
220 216
221 220
221 219
221 218
221 217
222 221
222 220
222 219
222 218
222 217
223 222
223 221
224 223
224 222
224 221
225 224
225 223
225 222
225 221
225 220
226 225
226 224
226 223
226 222
226 221
227 226
227 225
227 224
228 227
228 226
228 225
228 224
228 223
229 228
229 227
229 226
230 229
230 228
230 227
231 230
231 229
231 228
232 231
232 230
232 229
232 228
233 232
233 231
233 230
233 229
234 233
234 232
235 234
235 233
236 235
236 234
236 233
237 236
237 235
238 237
239 238
239 237
239 236
239 235
240 239
241 240
241 239
241 238
242 241
242 240
242 239
242 238
243 242
243 241
243 240
244 243
244 242
245 244
245 243
246 245
246 244
247 246
247 245
248 247
249 248
249 247
249 246
249 245
249 244
249 243
249 242
249 241
249 240
249 239
249 238
249 237
249 236
249 235
249 234
249 233
249 232
249 231
249 230
249 229
249 228
249 227
249 226
249 225
249 224
249 223
249 222
249 221
249 220
249 219
249 218
250 249
250 248
250 247
250 246
250 245
250 244
250 243
250 242
250 241
250 240
251 250
251 249
251 248
251 247
251 246
251 245
251 244
251 243
251 242
251 241
251 240
252 251
252 250
252 249
252 248
252 247
252 246
252 245
252 244
252 243
252 242
252 241
252 240
252 239
252 238
253 252
253 251
253 250
253 249
253 248
253 247
253 246
253 245
253 244
253 243
253 242
253 241
253 240
254 253
254 252
254 251
254 250
254 249
254 248
254 247
254 246
254 245
254 244
254 243
255 254
255 253
255 252
255 251
255 250
255 249
255 248
255 247
255 246
255 245
256 255
256 254
256 253
256 252
256 251
256 250
256 249
256 248
257 256
257 255
257 254
257 253
257 252
257 251
257 250
257 249
257 248
257 247
257 246
257 245
258 257
258 256
258 255
258 254
258 253
258 252
258 251
258 250
259 258
259 257
259 256
259 255
259 254
259 253
259 252
259 251
259 250
259 249
259 248
259 247
260 259
260 258
260 257
260 256
260 255
261 260
261 259
261 258
261 257
261 256
261 255
261 254
261 253
261 252
262 261
262 260
262 259
263 262
263 261
263 260
263 259
264 263
264 262
264 261
264 260
264 259
264 258
264 257
264 256
264 255
264 254
264 253
265 264
265 263
265 262
265 261
265 260
265 259
265 258
265 257
265 256
265 255
266 265
266 264
266 263
266 262
266 261
266 260
266 259
266 258
266 257
266 256
267 266
267 265
267 264
267 263
267 262
267 261
267 260
267 259
268 267
268 266
268 265
268 264
268 263
268 262
268 261
269 268
269 267
269 266
269 265
269 264
270 269
270 268
270 267
270 266
270 265
271 270
271 269
271 268
271 267
271 266
272 271
272 270
272 269
272 268
272 267
272 266
272 265
272 264
272 263
272 262
273 272
273 271
273 270
273 269
273 268
274 273
274 272
274 271
274 270
274 269
274 268
274 267
274 266
274 265
275 274
275 273
275 272
275 271
275 270
276 275
276 274
276 273
276 272
276 271
277 276
277 275
277 274
277 273
277 272
277 271
278 277
278 276
278 275
278 274
278 273
278 272
279 278
279 277
280 279
280 278
280 277
280 276
280 275
280 274
280 273
280 272
280 271
280 270
280 269
280 268
280 267
280 266
281 280
281 279
281 278
281 277
281 276
281 275
281 274
281 273
281 272
281 271
282 281
282 280
282 279
282 278
282 277
282 276
282 275
282 274
282 273
282 272
283 282
283 281
283 280
283 279
283 278
283 277
283 276
284 283
284 282
284 281
284 280
285 284
285 283
285 282
285 281
285 280
286 285
286 284
286 283
286 282
286 281
286 280
287 286
287 285
287 284
287 283
287 282
287 281
287 280
287 279
288 287
288 286
288 285
288 284
288 283
288 282
288 281
289 288
289 287
289 286
289 285
290 289
290 288
290 287
290 286
290 285
290 284
290 283
290 282
291 290
291 289
291 288
291 287
291 286
292 291
292 290
292 289
292 288
293 292
293 291
293 290
294 293
294 292
294 291
294 290
294 289
295 294
295 293
295 292
295 291
295 290
295 289
296 295
296 294
296 293
296 292
296 291
296 290
296 289
296 288
296 287
297 296
297 295
297 294
297 293
297 292
297 291
297 290
297 289
297 288
298 297
298 296
298 295
298 294
299 298
299 297
299 296
299 295
300 299
300 298
300 297
300 296
300 295
301 300
301 299
301 298
302 301
302 300
302 299
302 298
303 302
303 301
303 300
303 299
303 298
304 303
304 302
304 301
304 300
305 304
305 303
305 302
306 305
307 306
307 305
307 304
307 303
307 302
307 301
307 300
308 307
309 308
309 307
309 306
309 305
309 304
310 309
310 308
310 307
310 306
311 310
311 309
311 308
311 307
311 306
311 305
311 304
311 303
311 302
311 301
311 300
311 299
311 298
311 297
311 296
311 295
311 294
311 293
312 311
312 310
312 309
312 308
312 307
313 312
313 311
313 310
313 309
313 308
313 307
313 306
313 305
313 304
314 313
314 312
314 311
314 310
314 309
314 308
314 307
314 306
314 305
314 304
315 314
315 313
315 312
315 311
315 310
315 309
315 308
316 315
316 314
316 313
316 312
316 311
316 310
316 309
316 308
317 316
317 315
317 314
317 313
317 312
317 311
317 310
317 309
317 308
317 307
318 317
318 316
318 315
318 314
318 313
318 312
318 311
318 310
319 318
319 317
319 316
319 315
319 314
319 313
319 312
319 311
319 310
319 309
319 308
319 307
319 306
319 305
320 319
320 318
320 317
321 320
321 319
321 318
321 317
321 316
322 321
322 320
322 319
322 318
323 322
323 321
324 323
324 322
324 321
324 320
324 319
324 318
325 324
325 323
325 322
325 321
326 325
326 324
326 323
326 322
327 326
327 325
327 324
327 323
327 322
328 327
328 326
328 325
328 324
328 323
328 322
328 321
328 320
328 319
329 328
329 327
329 326
330 329
330 328
330 327
330 326
331 330
331 329
331 328
331 327
332 331
332 330
332 329
333 332
333 331
334 333
334 332
334 331
335 334
335 333
335 332
335 331
336 335
336 334
336 333
337 336
337 335
338 337
338 336
338 335
338 334
338 333
339 338
339 337
339 336
339 335
340 339
340 338
341 340
341 339
342 341
342 340
342 339
342 338
342 337
342 336
342 335
342 334
343 342
343 341
343 340
343 339
343 338
343 337
343 336
343 335
343 334
343 333
343 332
343 331
344 343
344 342
344 341
344 340
344 339
345 344
345 343
345 342
345 341
346 345
346 344
347 346
347 345
347 344
347 343
347 342
348 347
348 346
348 345
348 344
349 348
349 347
349 346
349 345
350 349
351 350
351 349
351 348
352 351
352 350
352 349
353 352
353 351
354 353
354 352
355 354
355 353
356 355
356 354
356 353
357 356
357 355
357 354
358 357
358 356
359 358
359 357
359 356
360 359
360 358
360 357
361 360
361 359
362 361
363 362
364 363
364 362
364 361
365 364
365 363
366 365
366 364
366 363
366 362
366 361
367 366
367 365
368 367
368 366
368 365
368 364
369 368
370 369
371 370
372 371
372 370
373 372
374 373
374 372
374 371
374 370
374 369
374 368
374 367
374 366
374 365
374 364
374 363
375 374
375 373
375 372
375 371
375 370
375 369
375 368
376 375
376 374
376 373
376 372
376 371
376 370
376 369
377 376
377 375
377 374
377 373
377 372
377 371
377 370
378 377
378 376
378 375
378 374
378 373
378 372
379 378
379 377
379 376
379 375
379 374
379 373
380 379
380 378
380 377
381 380
381 379
381 378
381 377
382 381
382 380
383 382
383 381
383 380
383 379
384 383
384 382
384 381
384 380
385 384
385 383
385 382
385 381
386 385
386 384
386 383
386 382
387 386
387 385
388 387
388 386
388 385
389 388
389 387
389 386
389 385
389 384
389 383
390 389
390 388
390 387
390 386
391 390
391 389
391 388
391 387
391 386
392 391
392 390
392 389
392 388
393 392
393 391
393 390
393 389
393 388
394 393
394 392
395 394
395 393
395 392
395 391
396 395
396 394
396 393
397 396
397 395
398 397
398 396
399 398
400 399
400 398
401 400
401 399
401 398
401 397
401 396
402 401
403 402
403 401
403 400
403 399
404 403
404 402
405 404
405 403
405 402
405 401
405 400
405 399
405 398
405 397
405 396
406 405
406 404
406 403
406 402
407 406
407 405
407 404
407 403
408 407
408 406
408 405
409 408
409 407
410 409
410 408
410 407
411 410
412 411
412 410
413 412
413 411
413 410
414 413
414 412
415 414
415 413
415 412
415 411
416 415
416 414
416 413
417 416
417 415
417 414
418 417
418 416
419 418
419 417
420 419
420 418
421 420
421 419
422 421
422 420
422 419
422 418
422 417
423 422
423 421
424 423
425 424
425 423
426 425
426 424
426 423
427 426
427 425
428 427
428 426
428 425
428 424
429 428
429 427
429 426
429 425
429 424
430 429
430 428
431 430
431 429
432 431
433 432
433 431
433 430
433 429
434 433
434 432
435 434
436 435
436 434
436 433
436 432
436 431
436 430
437 436
437 435
437 434
437 433
438 437
438 436
439 438
439 437
440 439
440 438
441 440
441 439
441 438
442 441
442 440
443 442
443 441
444 443
444 442
444 441
444 440
444 439
444 438
445 444
446 445
447 446
447 445
448 447
449 448
449 447
450 449
450 448
451 450
452 451
452 450
453 452
453 451
453 450
453 449
453 448
454 453
454 452
454 451
455 454
455 453
456 455
457 456
457 455
458 457
458 456
459 458
459 457
460 459
461 460
461 459
461 458
462 461
463 462
463 461
464 463
464 462
465 464
465 463
466 465
466 464
467 466
467 465
468 467
468 466
469 468
469 467
470 469
470 468
471 470
472 471
472 470
472 469
473 472
473 471
474 473
474 472
474 471
475 474
476 475
476 474
476 473
477 476
478 477
479 478
479 477
480 479
480 478
481 480
481 479
481 478
482 481
483 482
484 483
484 482
484 481
485 484
485 483
485 482
486 485
487 486
488 487
488 486
489 488
490 489
490 488
491 490
492 491
493 492
494 493
494 492
495 494
496 495
497 496
497 495
498 497
499 498
499 497
499 496
499 495
499 494
499 493
499 492
499 491
499 490
499 489
499 488
499 487
499 486
499 485
499 484
499 483
499 482
499 481
499 480
499 479
499 478
499 477
499 476
500 499
500 498
500 497
500 496
500 495
500 494
500 493
500 492
500 491
500 490
500 489
501 500
501 499
501 498
501 497
501 496
501 495
501 494
501 493
501 492
501 491
501 490
501 489
501 488
501 487
502 501
502 500
502 499
502 498
502 497
502 496
502 495
502 494
502 493
502 492
502 491
503 502
503 501
503 500
503 499
503 498
503 497
503 496
503 495
503 494
503 493
503 492
503 491
503 490
503 489
503 488
504 503
504 502
504 501
504 500
504 499
504 498
504 497
505 504
505 503
505 502
505 501
505 500
505 499
505 498
505 497
505 496
505 495
506 505
506 504
506 503
506 502
506 501
506 500
506 499
506 498
506 497
506 496
506 495
506 494
506 493
507 506
507 505
507 504
507 503
507 502
508 507
508 506
508 505
508 504
508 503
508 502
508 501
508 500
508 499
508 498
509 508
509 507
509 506
509 505
509 504
509 503
509 502
509 501
509 500
509 499
510 509
510 508
510 507
510 506
510 505
510 504
511 510
511 509
511 508
511 507
511 506
511 505
511 504
512 511
512 510
512 509
512 508
512 507
512 506
513 512
513 511
513 510
514 513
514 512
514 511
514 510
514 509
514 508
514 507
514 506
514 505
515 514
515 513
515 512
515 511
515 510
515 509
515 508
516 515
516 514
516 513
516 512
516 511
516 510
516 509
517 516
517 515
517 514
517 513
517 512
517 511
517 510
517 509
517 508
518 517
518 516
518 515
518 514
518 513
518 512
518 511
518 510
519 518
519 517
519 516
519 515
519 514
519 513
519 512
519 511
520 519
520 518
520 517
520 516
520 515
520 514
520 513
520 512
521 520
521 519
521 518
521 517
521 516
522 521
522 520
522 519
523 522
523 521
523 520
523 519
523 518
523 517
523 516
524 523
524 522
524 521
524 520
524 519
524 518
524 517
524 516
525 524
525 523
525 522
525 521
525 520
525 519
525 518
525 517
525 516
525 515
525 514
525 513
526 525
526 524
526 523
526 522
526 521
526 520
527 526
527 525
527 524
527 523
527 522
527 521
528 527
528 526
528 525
529 528
529 527
529 526
529 525
529 524
529 523
529 522
530 529
530 528
530 527
530 526
530 525
530 524
530 523
530 522
530 521
530 520
530 519
530 518
530 517
530 516
530 515
530 514
530 513
530 512
530 511
530 510
530 509
531 530
531 529
531 528
531 527
531 526
531 525
531 524
531 523
531 522
532 531
532 530
532 529
532 528
532 527
533 532
533 531
533 530
534 533
534 532
534 531
534 530
534 529
534 528
534 527
535 534
535 533
535 532
535 531
535 530
535 529
535 528
535 527
535 526
535 525
536 535
536 534
536 533
536 532
536 531
536 530
536 529
536 528
536 527
536 526
537 536
537 535
537 534
537 533
537 532
538 537
538 536
539 538
539 537
539 536
539 535
539 534
540 539
540 538
540 537
540 536
541 540
541 539
541 538
541 537
542 541
542 540
543 542
544 543
544 542
545 544
545 543
545 542
545 541
545 540
546 545
546 544
546 543
546 542
546 541
547 546
547 545
548 547
548 546
548 545
548 544
548 543
549 548
549 547
550 549
550 548
550 547
550 546
551 550
551 549
551 548
552 551
552 550
552 549
552 548
553 552
553 551
553 550
554 553
554 552
554 551
554 550
554 549
555 554
555 553
555 552
556 555
556 554
556 553
557 556
558 557
558 556
558 555
559 558
560 559
561 560
561 559
561 558
561 557
561 556
561 555
561 554
561 553
562 561
562 560
562 559
562 558
563 562
563 561
563 560
563 559
563 558
563 557
564 563
564 562
565 564
565 563
565 562
565 561
565 560
565 559
565 558
565 557
565 556
565 555
565 554
566 565
566 564
566 563
567 566
567 565
567 564
567 563
567 562
567 561
568 567
568 566
568 565
568 564
568 563
568 562
569 568
569 567
569 566
569 565
569 564
570 569
570 568
570 567
570 566
570 565
570 564
571 570
571 569
571 568
571 567
571 566
571 565
572 571
572 570
572 569
572 568
572 567
572 566
572 565
573 572
573 571
573 570
573 569
573 568
574 573
574 572
574 571
575 574
575 573
575 572
575 571
576 575
576 574
576 573
577 576
577 575
577 574
577 573
577 572
577 571
578 577
578 576
578 575
578 574
578 573
578 572
579 578
579 577
579 576
579 575
580 579
580 578
580 577
580 576
580 575
580 574
580 573
581 580
581 579
581 578
581 577
582 581
582 580
583 582
583 581
584 583
584 582
584 581
584 580
585 584
585 583
586 585
586 584
586 583
587 586
587 585
587 584
587 583
588 587
588 586
589 588
589 587
589 586
589 585
590 589
590 588
590 587
591 590
591 589
591 588
592 591
592 590
592 589
593 592
593 591
593 590
593 589
593 588
594 593
594 592
594 591
594 590
595 594
596 595
596 594
596 593
597 596
598 597
598 596
598 595
599 598
599 597
599 596
599 595
600 599
600 598
600 597
601 600
602 601
603 602
603 601
604 603
604 602
604 601
604 600
604 599
605 604
605 603
606 605
606 604
606 603
607 606
608 607
608 606
608 605
609 608
609 607
609 606
609 605
609 604
609 603
610 609
610 608
610 607
611 610
611 609
612 611
612 610
612 609
613 612
613 611
613 610
613 609
614 613
614 612
615 614
615 613
615 612
616 615
616 614
616 613
617 616
618 617
619 618
619 617
619 616
620 619
620 618
621 620
621 619
622 621
622 620
623 622
624 623
624 622
624 621
624 620
624 619
624 618
624 617
624 616
624 615
624 614
624 613
624 612
625 624
625 623
625 622
625 621
625 620
626 625
626 624
626 623
626 622
626 621
626 620
626 619
627 626
627 625
627 624
627 623
628 627
628 626
629 628
629 627
629 626
629 625
629 624
630 629
630 628
631 630
631 629
632 631
632 630
632 629
632 628
633 632
633 631
633 630
634 633
634 632
634 631
634 630
634 629
634 628
635 634
635 633
635 632
635 631
635 630
636 635
637 636
637 635
637 634
637 633
638 637
639 638
639 637
640 639
640 638
640 637
640 636
641 640
641 639
641 638
642 641
642 640
643 642
643 641
643 640
643 639
643 638
644 643
644 642
644 641
644 640
645 644
645 643
646 645
646 644
646 643
647 646
647 645
647 644
648 647
649 648
649 647
650 649
650 648
650 647
651 650
651 649
652 651
652 650
652 649
653 652
653 651
654 653
655 654
655 653
655 652
655 651
655 650
655 649
656 655
656 654
657 656
657 655
658 657
658 656
658 655
658 654
659 658
660 659
660 658
660 657
661 660
661 659
662 661
662 660
663 662
663 661
663 660
664 663
664 662
664 661
665 664
666 665
666 664
666 663
667 666
667 665
668 667
669 668
669 667
669 666
670 669
670 668
671 670
671 669
671 668
671 667
672 671
672 670
672 669
673 672
673 671
674 673
675 674
675 673
676 675
677 676
677 675
677 674
677 673
677 672
677 671
678 677
679 678
679 677
679 676
679 675
679 674
679 673
680 679
680 678
680 677
680 676
680 675
680 674
681 680
682 681
682 680
683 682
683 681
683 680
684 683
685 684
686 685
686 684
686 683
686 682
686 681
686 680
686 679
686 678
686 677
686 676
687 686
687 685
687 684
687 683
688 687
688 686
688 685
688 684
689 688
689 687
689 686
690 689
690 688
690 687
691 690
692 691
692 690
693 692
693 691
694 693
694 692
695 694
695 693
695 692
696 695
697 696
697 695
698 697
699 698
699 697
700 699
700 698
700 697
701 700
701 699
702 701
702 700
702 699
703 702
703 701
703 700
703 699
704 703
704 702
705 704
705 703
705 702
706 705
707 706
707 705
707 704
708 707
708 706
708 705
709 708
710 709
711 710
711 709
711 708
711 707
712 711
712 710
713 712
713 711
714 713
714 712
714 711
715 714
716 715
716 714
716 713
717 716
717 715
718 717
718 716
718 715
719 718
720 719
720 718
721 720
722 721
722 720
722 719
722 718
723 722
723 721
724 723
725 724
725 723
726 725
726 724
727 726
728 727
728 726
729 728
730 729
731 730
731 729
731 728
732 731
733 732
733 731
734 733
734 732
735 734
735 733
735 732
736 735
736 734
737 736
737 735
738 737
738 736
739 738
740 739
741 740
742 741
743 742
743 741
744 743
744 742
745 744
746 745
747 746
748 747
749 748
749 747
749 746
749 745
749 744
749 743
749 742
749 741
749 740
749 739
750 749
750 748
750 747
750 746
750 745
750 744
750 743
750 742
751 750
751 749
751 748
751 747
752 751
752 750
752 749
752 748
752 747
752 746
753 752
753 751
753 750
753 749
753 748
753 747
753 746
753 745
753 744
753 743
754 753
754 752
754 751
754 750
754 749
754 748
755 754
755 753
755 752
755 751
756 755
756 754
756 753
756 752
757 756
757 755
757 754
757 753
757 752
757 751
757 750
758 757
758 756
758 755
759 758
759 757
759 756
760 759
760 758
760 757
760 756
760 755
760 754
761 760
761 759
761 758
762 761
762 760
763 762
763 761
763 760
763 759
764 763
764 762
764 761
765 764
765 763
765 762
766 765
766 764
766 763
767 766
767 765
767 764
767 763
768 767
768 766
768 765
769 768
769 767
770 769
771 770
771 769
771 768
771 767
772 771
772 770
773 772
773 771
773 770
773 769
774 773
774 772
774 771
774 770
775 774
775 773
775 772
776 775
776 774
776 773
776 772
776 771
777 776
777 775
777 774
778 777
778 776
779 778
779 777
780 779
780 778
780 777
780 776
780 775
781 780
781 779
781 778
782 781
782 780
783 782
783 781
783 780
783 779
784 783
784 782
784 781
784 780
784 779
785 784
785 783
785 782
785 781
785 780
785 779
786 785
787 786
787 785
788 787
788 786
789 788
789 787
789 786
789 785
790 789
790 788
791 790
792 791
792 790
792 789
793 792
793 791
793 790
793 789
794 793
794 792
795 794
795 793
796 795
796 794
796 793
796 792
796 791
797 796
797 795
798 797
798 796
798 795
799 798
799 797
800 799
800 798
800 797
801 800
801 799
802 801
802 800
802 799
803 802
803 801
804 803
804 802
805 804
806 805
807 806
808 807
809 808
810 809
811 810
811 809
811 808
811 807
811 806
812 811
812 810
812 809
813 812
813 811
813 810
814 813
814 812
815 814
815 813
816 815
816 814
816 813
817 816
817 815
818 817
818 816
818 815
818 814
819 818
819 817
820 819
820 818
821 820
821 819
822 821
822 820
823 822
823 821
824 823
824 822
824 821
824 820
825 824
826 825
826 824
827 826
827 825
827 824
828 827
828 826
829 828
830 829
830 828
831 830
831 829
831 828
831 827
832 831
833 832
833 831
834 833
834 832
835 834
836 835
836 834
837 836
837 835
838 837
838 836
839 838
839 837
839 836
840 839
841 840
842 841
842 840
843 842
843 841
844 843
845 844
846 845
846 844
847 846
848 847
849 848
849 847
850 849
850 848
851 850
851 849
851 848
852 851
853 852
853 851
853 850
853 849
854 853
855 854
855 853
856 855
856 854
857 856
858 857
858 856
858 855
859 858
859 857
860 859
860 858
861 860
862 861
863 862
863 861
864 863
864 862
865 864
865 863
866 865
867 866
867 865
868 867
868 866
869 868
869 867
870 869
870 868
870 867
871 870
872 871
873 872
874 873
874 872
874 871
875 874
875 873
875 872
876 875
877 876
877 875
878 877
878 876
879 878
879 877
880 879
880 878
880 877
880 876
881 880
881 879
881 878
882 881
882 880
883 882
884 883
884 882
884 881
885 884
885 883
885 882
885 881
886 885
887 886
887 885
888 887
888 886
888 885
889 888
889 887
889 886
890 889
890 888
891 890
892 891
892 890
893 892
893 891
893 890
894 893
894 892
895 894
895 893
896 895
896 894
897 896
898 897
899 898
899 897
899 896
900 899
900 898
901 900
902 901
902 900
902 899
903 902
903 901
904 903
904 902
905 904
905 903
906 905
906 904
907 906
907 905
908 907
908 906
908 905
908 904
909 908
909 907
910 909
910 908
910 907
911 910
912 911
913 912
913 911
914 913
915 914
915 913
916 915
917 916
918 917
919 918
920 919
920 918
920 917
921 920
922 921
923 922
923 921
923 920
924 923
925 924
926 925
926 924
927 926
928 927
929 928
929 927
930 929
930 928
931 930
932 931
933 932
934 933
935 934
936 935
936 934
936 933
937 936
938 937
938 936
939 938
940 939
941 940
942 941
943 942
943 941
944 943
945 944
945 943
945 942
946 945
947 946
947 945
948 947
948 946
948 945
949 948
950 949
950 948
951 950
952 951
952 950
952 949
952 948
952 947
953 952
953 951
954 953
954 952
955 954
955 953
956 955
957 956
958 957
958 956
959 958
959 957
960 959
961 960
962 961
963 962
964 963
965 964
965 963
965 962
966 965
967 966
968 967
968 966
969 968
970 969
971 970
971 969
972 971
973 972
974 973
975 974
976 975
977 976
978 977
979 978
980 979
981 980
982 981
983 982
984 983
985 984
986 985
987 986
987 985
988 987
989 988
990 989
991 990
992 991
993 992
994 993
995 994
996 995
997 996
998 997
998 996
999 998
